TEST PHASE 1

Sequence: 1 2
Iterative stable partition: 2 1
Divide-and-conquer stable partition: 2 1

TEST PHASE 2

Sequence: 2
Iterative stable partition: 2
Divide-and-conquer stable partition: 2

TEST PHASE 3

Sequence: empty
Iterative stable partition:
Divide-and-conquer stable partition:

TEST PHASE 4

Sequence: 1 2 3 4 5 6 7 8 9
Iterative stable partition: 2 4 6 8 1 3 5 7 9
Divide-and-conquer stable partition: 2 4 6 8 1 3 5 7 9

TEST PHASE 4: test with long sequence loaded from a file

Number of items in the sequence: 298

 After stable partition ...
     834    1000    2224    1978     142
    1462    1036    2442      64    1104
    2402    1208    1118    1216    2218
     226    2038    2412     394    1822
     836    1368    2144     838     722
    1184     690     342    1212     606
     460     558    1764    1148    1946
    2390    1130    1850    1506    2048
    1416    2454    1256    2340     534
    1876     808     556     874      38
    1382     582     158    1204     430
     806     886    1424    1572     770
     988    2486     210    1136    2074
    1448    1850     350     224     466
    1930     258    1088     922     554
    2006     470     332     600    1262
      90    2124      48    2102    1150
    1336     126    1520     904    1848
    2168    1016     766     918    2438
    1400    2288    2228     852     810
      14    2116     900    2056    1298
     724    1508     344     798     186
    1948     300      42    1118     920
    2296    1298     702    1028    2122
    1038    1208     538     690    2458
    1388    1656    1298    1134    1228
    1172    1146     862     614    1358
    2344      84     822    1024    2392
    1212    1100    1010    1188     498
    1318    1588    1926     332    1432
     654     967    1669     205    1355
    1781     673     461    1009    1495
     673    1109    1347      79    2395
      53    1271     369     167     799
     465     797    2311     833     173
    1641    2211    1247      47     743
    1463     641     777     241    2029
    1535    2305    1229    1601    1107
    2129     877     431    1061    1823
      37    1429     959     667    1615
     861     477    2173     479     755
     329    1277    2073     403     339
     855     733    2155    1469     559
    1607     691     507    1837    1957
    1213    2253     883    1445     591
    1291    1279    1087     909     155
     859     963     983    2095    1459
     791    1479    1699    1219    1447
     499     627    1033    1393     983
     307     921    1117    1313     809
    1435      49     251     981     803
     891    1489    1695    1015    1593
     843    1023      87       3    1781
    2089    1491    1657    1321     157
     691    2315    2011    1445    1375
    1067     369     381     249    1151
     521     199    2057    1111     425
     497    1369     361      99     289
    1755    1077    1085     785     883
    2257    1331     221